     47 40
    106 41
    108 42
     99 43
    122 44
    130 45
    137 46
    103 47
    107 48
     55 49
     64 50
     64 51
     49 52
     63 53
     65 54
     83 55
    105 56
     91 57
    133 58
    123 59
    110 60
    170 61
    156 62
    151 63
    179 64
    195 65
    240 66
    248 67
    338 68
    351 69
    448 70
    518 71
    551 72
    692 73
    634 74
    817 75
    838 76
   1054 77
   1167 78
   1196 79
   1415 80
   1627 81
   1891 82
   2092 83
   2163 84
   2360 85
   2670 86
   2891 87
   2891 88
   3115 89
   3050 90
   3058 91
   3159 92
   3270 93
   3207 94
   3238 95
   3180 96
   3096 97
   2928 98
   2724 99
   2562 100
   2506 101
   2343 102
   2268 103
   2038 104
   1852 105
   1780 106
   1712 107
   1518 108
   1524 109
   1460 110
   1293 111
   1172 112
   1181 113
   1034 114
    956 115
    870 116
    804 117
    715 118
    645 119
    640 120
    603 121
    548 122
    496 123
    443 124
    469 125
    390 126
    388 127
    371 128
    266 129
    234 130
    233 131
    232 132
    182 133
    183 134
    111 135
     91 136
    120 137
    110 138
     83 139
     84 140
     77 141
     66 142
     63 143
     42 144
     40 145
     38 146
     20 147
     17 148
     18 149
     18 150
      9 151
      6 152
     17 153
     10 154
     12 155
     20 156
     12 157
     19 158
     20 159
     16 160
      5 161
      7 162
      7 163
     12 164
     11 165
      7 166
      1 168
      1 169
      1 170
      1 171
      2 172
      1 173
      2 174
      3 175
      2 176
      1 178
      2 188
