      2 40
      8 42
      8 43
      2 46
      3 47
      1 52
      1 53
      2 54
      9 55
      5 56
     10 57
     36 58
     13 59
     20 60
      8 61
      8 62
     10 63
      3 64
      3 67
      4 68
      2 69
      3 70
      1 71
      1 72
      3 73
      2 75
      1 79
      1 81
      1 82
      8 83
      6 85
      6 87
      2 88
      7 89
      7 90
      9 91
      8 92
      7 93
     10 94
     13 95
     18 96
     29 97
     42 98
     80 99
    145 100
    157 101
    251 102
    341 103
    375 104
    556 105
    701 106
    845 107
   1077 108
   1302 109
   1412 110
   1653 111
   1897 112
   1981 113
   2260 114
   2460 115
   2167 116
   2286 117
   2386 118
   2568 119
   2441 120
   2386 121
   2495 122
   2371 123
   2445 124
   2355 125
   2308 126
   2200 127
   2054 128
   1958 129
   1756 130
   1753 131
   1684 132
   1641 133
   1587 134
   1519 135
   1460 136
   1550 137
   1361 138
   1354 139
   1363 140
   1241 141
   1202 142
   1165 143
   1068 144
    953 145
    893 146
    765 147
    771 148
    713 149
    671 150
    599 151
    584 152
    525 153
    520 154
    463 155
    459 156
    395 157
    449 158
    358 159
    382 160
    332 161
    336 162
    321 163
    373 164
    296 165
    327 166
    271 167
    258 168
    269 169
    259 170
    248 171
    253 172
    237 173
    182 174
    199 175
    202 176
    209 177
    184 178
    206 179
    169 180
    157 181
    127 182
    146 183
    108 184
    133 185
    117 186
    116 187
    120 188
    113 189
     95 190
     91 191
     90 192
     53 193
     56 194
     45 195
     46 196
     40 197
     15 198
      2 199
