     34 40
     90 41
     82 42
     91 43
     93 44
     92 45
     75 46
     79 47
     54 48
     57 49
     55 50
     54 51
     58 52
     48 53
     50 54
     26 55
     37 56
     26 57
     29 58
     57 59
     81 60
     84 61
     94 62
    127 63
    127 64
    124 65
    143 66
    201 67
    180 68
    260 69
    266 70
    312 71
    434 72
    399 73
    413 74
    448 75
    557 76
    614 77
    630 78
    866 79
    980 80
   1177 81
   1534 82
   1803 83
   1961 84
   2413 85
   3000 86
   3396 87
   3498 88
   3762 89
   3999 90
   3862 91
   3742 92
   3892 93
   3639 94
   3490 95
   3318 96
   3172 97
   2841 98
   2812 99
   2566 100
   2614 101
   2238 102
   2139 103
   2053 104
   1902 105
   1884 106
   1758 107
   1556 108
   1518 109
   1455 110
   1403 111
   1272 112
   1260 113
   1123 114
    896 115
    858 116
    844 117
    705 118
    693 119
    581 120
    553 121
    528 122
    487 123
    485 124
    481 125
    391 126
    416 127
    389 128
    340 129
    341 130
    269 131
    332 132
    252 133
    268 134
    237 135
    231 136
    224 137
    210 138
    234 139
    165 140
    144 141
    123 142
    153 143
    132 144
    100 145
    109 146
     86 147
     71 148
     70 149
     60 150
     56 151
     35 152
     40 153
     39 154
     40 155
     30 156
     21 157
     16 158
     22 159
     22 160
     23 161
     20 162
      5 163
      9 164
      6 165
     10 166
     14 167
      3 168
      3 169
      4 170
      3 171
      9 172
      4 173
     10 174
      3 175
      4 177
      6 178
      1 181
      2 188
