     69 40
     92 41
    155 42
    198 43
    211 44
    334 45
    294 46
    295 47
    252 48
    158 49
    134 50
     91 51
     82 52
     50 53
     64 54
     52 55
     27 56
     51 57
     51 58
     47 59
     54 60
     50 61
     62 62
     74 63
     59 64
     81 65
     94 66
     74 67
     62 68
     57 69
     55 70
     88 71
    107 72
    108 73
    123 74
    114 75
    102 76
    138 77
    160 78
    241 79
    367 80
    562 81
    707 82
    990 83
   1217 84
   1477 85
   1819 86
   2163 87
   2501 88
   2626 89
   2871 90
   3016 91
   3157 92
   3306 93
   3321 94
   3400 95
   3368 96
   3466 97
   3481 98
   3428 99
   3336 100
   3177 101
   3203 102
   3013 103
   2823 104
   2795 105
   2621 106
   2517 107
   2485 108
   2221 109
   2168 110
   2140 111
   2049 112
   1771 113
   1692 114
   1602 115
   1499 116
   1465 117
   1332 118
   1251 119
   1174 120
   1003 121
   1023 122
    983 123
    994 124
    900 125
    889 126
    864 127
    770 128
    649 129
    678 130
    636 131
    609 132
    493 133
    493 134
    532 135
    482 136
    422 137
    465 138
    361 139
    362 140
    334 141
    334 142
    293 143
    304 144
    267 145
    244 146
    230 147
    202 148
    170 149
    118 150
    132 151
    124 152
    116 153
    100 154
    100 155
     93 156
     68 157
     81 158
     71 159
     72 160
     71 161
     66 162
     82 163
     73 164
     72 165
     76 166
     41 167
     56 168
     44 169
     50 170
     57 171
     39 172
     47 173
     38 174
     44 175
     30 176
     41 177
     41 178
     38 179
     34 180
     38 181
     32 182
     28 183
     37 184
     22 185
     29 186
     22 187
     22 188
     29 189
     17 190
     32 191
     15 192
     19 193
     11 194
     12 195
      8 196
      4 197
      2 198
