     10 40
     36 41
     42 42
     26 43
     57 44
     55 45
     52 46
     46 47
     68 48
     93 49
     81 50
     94 51
    104 52
    125 53
     96 54
    207 55
    179 56
    259 57
    262 58
    260 59
    296 60
    303 61
    355 62
    323 63
    247 64
    204 65
    131 66
    120 67
     66 68
     86 69
     65 70
     55 71
     54 72
     55 73
     36 74
     41 75
     59 76
     32 77
     32 78
     44 79
     41 80
     40 81
     32 82
     42 83
     40 84
     39 85
     44 86
     48 87
     27 88
     48 89
     36 90
     38 91
     49 92
     58 93
     57 94
     87 95
     59 96
     60 97
     88 98
    122 99
    148 100
    180 101
    223 102
    311 103
    387 104
    486 105
    604 106
    813 107
    988 108
   1256 109
   1541 110
   1649 111
   1943 112
   2276 113
   2588 114
   2922 115
   3316 116
   3524 117
   3649 118
   3724 119
   3799 120
   3972 121
   4132 122
   4193 123
   4182 124
   4291 125
   4204 126
   3891 127
   3655 128
   3566 129
   3583 130
   3362 131
   3325 132
   3155 133
   2901 134
   2779 135
   2613 136
   2546 137
   2393 138
   2333 139
   2052 140
   1917 141
   1772 142
   1629 143
   1444 144
   1272 145
   1137 146
   1003 147
    828 148
    724 149
    668 150
    518 151
    510 152
    357 153
    316 154
    317 155
    241 156
    208 157
    214 158
    128 159
    142 160
    132 161
    109 162
     91 163
     55 164
     42 165
     46 166
     29 167
     36 168
     19 169
     20 170
     32 171
     27 172
     14 173
     11 174
     14 175
      8 176
      5 177
     15 178
      9 179
     15 180
      6 181
      5 182
      2 183
      9 184
      3 185
      8 186
      2 187
      7 189
      2 191
      1 192
      2 193
