      9 40
     12 41
     15 42
     32 43
     35 44
     15 45
     25 46
     19 47
     27 48
     27 49
     17 50
     29 51
     19 52
     29 53
     25 54
     29 55
     37 56
     46 57
     66 58
     96 59
     75 60
     88 61
     54 62
     77 63
     83 64
     77 65
     86 66
     69 67
     95 68
     92 69
     84 70
     52 71
     35 72
     23 73
     26 74
     26 75
     35 76
     29 77
     28 78
     17 79
     20 80
     15 81
     17 82
     24 83
     38 84
     34 85
     29 86
     22 87
     27 88
     25 89
     30 90
     14 91
     22 92
     25 93
     22 94
     30 95
     18 96
     28 97
     37 98
     55 99
     93 100
    103 101
     81 102
     84 103
     68 104
     64 105
     75 106
     75 107
    129 108
    183 109
    179 110
    255 111
    320 112
    432 113
    463 114
    570 115
    827 116
   1000 117
   1115 118
   1301 119
   1559 120
   1652 121
   1904 122
   1946 123
   1935 124
   1974 125
   1939 126
   1936 127
   2004 128
   2161 129
   2139 130
   2035 131
   1975 132
   1878 133
   1882 134
   1757 135
   1800 136
   1701 137
   1646 138
   1637 139
   1676 140
   1572 141
   1493 142
   1318 143
   1224 144
   1127 145
   1112 146
    967 147
    860 148
    825 149
    770 150
    831 151
    727 152
    686 153
    651 154
    622 155
    554 156
    455 157
    489 158
    490 159
    437 160
    453 161
    425 162
    424 163
    393 164
    455 165
    381 166
    377 167
    353 168
    329 169
    309 170
    286 171
    298 172
    282 173
    278 174
    242 175
    216 176
    228 177
    186 178
    206 179
    222 180
    210 181
    197 182
    179 183
    139 184
    169 185
    106 186
    107 187
     71 188
     85 189
     67 190
     67 191
     74 192
     44 193
     57 194
     51 195
     43 196
     47 197
     25 198
