     81 40
    180 41
    344 42
    332 43
    269 44
    314 45
    298 46
    239 47
    187 48
    162 49
    117 50
    128 51
    101 52
     92 53
     96 54
    150 55
    119 56
    113 57
    147 58
    136 59
    163 60
    215 61
    172 62
    209 63
    264 64
    231 65
    211 66
    217 67
    193 68
    259 69
    239 70
    237 71
    217 72
    302 73
    310 74
    337 75
    368 76
    449 77
    567 78
    733 79
    914 80
   1164 81
   1772 82
   2121 83
   2717 84
   3286 85
   3851 86
   4133 87
   4235 88
   4528 89
   4570 90
   4488 91
   4216 92
   4133 93
   4042 94
   3790 95
   3608 96
   3255 97
   3177 98
   2917 99
   2669 100
   2766 101
   2588 102
   2428 103
   2299 104
   2208 105
   2167 106
   1863 107
   1785 108
   1808 109
   1602 110
   1456 111
   1307 112
   1214 113
   1263 114
   1252 115
   1147 116
   1151 117
    934 118
    897 119
    836 120
    792 121
    687 122
    646 123
    662 124
    551 125
    539 126
    453 127
    430 128
    328 129
    334 130
    298 131
    295 132
    264 133
    234 134
    226 135
    206 136
    129 137
    141 138
    110 139
    109 140
     76 141
     75 142
     67 143
     66 144
     52 145
     45 146
     39 147
     38 148
     40 149
     46 150
     24 151
     17 152
     30 153
     17 154
     18 155
     15 156
     15 157
     20 158
     12 159
     12 160
     16 161
      9 162
     19 163
      5 164
      5 165
      5 166
     10 167
      8 168
      1 169
      6 170
      6 171
      3 172
      3 173
      6 174
      2 175
      3 177
      2 178
      1 182
      2 184
      2 186
      2 189
