     21 40
     21 41
     20 42
     33 43
     59 44
     43 45
     39 46
     35 47
     33 48
     24 49
     26 50
     28 51
     38 52
     33 53
     26 54
     63 55
     36 56
     71 57
     89 58
     69 59
     51 60
     36 61
     39 62
     48 63
     34 64
     35 65
     34 66
     30 67
     20 68
     20 69
     15 70
     20 71
     16 72
     19 73
     31 74
     12 75
     11 76
     14 77
     11 78
     18 79
     27 80
     24 81
     25 82
     13 83
     23 84
     26 85
     19 86
     22 87
     22 88
     35 89
     23 90
     34 91
     36 92
     50 93
     54 94
     46 95
     78 96
     95 97
    165 98
    305 99
    409 100
    600 101
    812 102
   1077 103
   1371 104
   1806 105
   2106 106
   2528 107
   2951 108
   2980 109
   3201 110
   3282 111
   3061 112
   3296 113
   3272 114
   3319 115
   3155 116
   3179 117
   3146 118
   3122 119
   2940 120
   2890 121
   2856 122
   2683 123
   2578 124
   2424 125
   2320 126
   2211 127
   2146 128
   2108 129
   2071 130
   1937 131
   1835 132
   1808 133
   1794 134
   1734 135
   1688 136
   1546 137
   1521 138
   1472 139
   1473 140
   1346 141
   1305 142
   1187 143
   1264 144
   1230 145
   1100 146
   1023 147
    970 148
    864 149
    825 150
    705 151
    748 152
    620 153
    619 154
    582 155
    625 156
    553 157
    583 158
    516 159
    463 160
    423 161
    370 162
    383 163
    391 164
    340 165
    351 166
    311 167
    275 168
    314 169
    265 170
    195 171
    233 172
    187 173
    159 174
    142 175
    153 176
    148 177
    149 178
    112 179
    121 180
    122 181
    112 182
     80 183
     75 184
     70 185
     74 186
     61 187
     65 188
     66 189
     55 190
     43 191
     35 192
     27 193
     20 194
     21 195
     19 196
     12 197
      2 198
