     21 40
     44 41
     67 42
    101 43
     96 44
    159 45
    213 46
    229 47
    318 48
    356 49
    408 50
    346 51
    320 52
    277 53
    153 54
    199 55
    158 56
    134 57
    116 58
    141 59
    158 60
    118 61
    119 62
     88 63
     80 64
    102 65
     63 66
    113 67
    115 68
     93 69
    122 70
    130 71
    101 72
    108 73
    100 74
     90 75
     89 76
    104 77
     89 78
     99 79
     87 80
     85 81
    103 82
    130 83
    127 84
    175 85
    145 86
    176 87
    180 88
    216 89
    214 90
    227 91
    260 92
    291 93
    365 94
    392 95
    496 96
    588 97
    706 98
    836 99
   1051 100
   1109 101
   1354 102
   1352 103
   1419 104
   1549 105
   1569 106
   1725 107
   1829 108
   1894 109
   2063 110
   2053 111
   2242 112
   2214 113
   2063 114
   1979 115
   1796 116
   1707 117
   1795 118
   1711 119
   1560 120
   1439 121
   1367 122
   1351 123
   1272 124
   1159 125
   1193 126
   1122 127
   1080 128
   1060 129
    921 130
    855 131
    866 132
    895 133
    815 134
    825 135
    803 136
    825 137
    814 138
    740 139
    739 140
    709 141
    764 142
    701 143
    712 144
    714 145
    656 146
    631 147
    648 148
    635 149
    585 150
    559 151
    583 152
    522 153
    547 154
    467 155
    499 156
    428 157
    445 158
    391 159
    393 160
    357 161
    361 162
    351 163
    343 164
    368 165
    372 166
    342 167
    307 168
    340 169
    366 170
    282 171
    302 172
    305 173
    292 174
    280 175
    262 176
    262 177
    219 178
    216 179
    203 180
    197 181
    241 182
    211 183
    231 184
    162 185
    161 186
    154 187
    190 188
    138 189
    142 190
    163 191
    140 192
    151 193
    138 194
    127 195
     80 196
     64 197
     24 198
      2 199
