     39 40
     66 41
     68 42
     57 43
     82 44
     85 45
    127 46
     91 47
    118 48
    128 49
    149 50
    113 51
    155 52
    123 53
    156 54
    165 55
    175 56
    182 57
    201 58
    218 59
    188 60
    266 61
    261 62
    243 63
    242 64
    221 65
    301 66
    311 67
    350 68
    377 69
    399 70
    440 71
    584 72
    644 73
    653 74
    754 75
    882 76
   1017 77
   1135 78
   1425 79
   1636 80
   1788 81
   1984 82
   2046 83
   2529 84
   2829 85
   2836 86
   2985 87
   3183 88
   3067 89
   3016 90
   2897 91
   2741 92
   2633 93
   2617 94
   2527 95
   2563 96
   2325 97
   2281 98
   2164 99
   1958 100
   1850 101
   1727 102
   1628 103
   1480 104
   1399 105
   1338 106
   1254 107
   1286 108
   1124 109
   1157 110
   1111 111
   1046 112
   1092 113
   1078 114
    992 115
    898 116
    864 117
    828 118
    800 119
    822 120
    761 121
    726 122
    734 123
    640 124
    626 125
    574 126
    519 127
    492 128
    537 129
    435 130
    421 131
    405 132
    327 133
    326 134
    288 135
    328 136
    313 137
    299 138
    293 139
    306 140
    252 141
    260 142
    245 143
    199 144
    165 145
    159 146
    163 147
    145 148
    162 149
    132 150
     88 151
     89 152
    112 153
    105 154
    107 155
     88 156
     93 157
     89 158
     83 159
     58 160
     63 161
     66 162
     65 163
     64 164
     37 165
     59 166
     37 167
     45 168
     48 169
     39 170
     33 171
     33 172
     22 173
     23 174
     20 175
     16 176
     14 177
     16 178
     16 179
      9 180
     10 181
      3 182
      1 183
      5 184
      3 185
      3 186
      4 187
      5 188
      4 189
      1 190
      5 191
      4 192
      3 193
      2 194
      1 195
      6 196
     10 197
