     21 40
     31 41
     43 42
     35 43
     45 44
     39 45
     48 46
     71 47
     72 48
     73 49
     87 50
    114 51
    101 52
    120 53
    160 54
    157 55
    215 56
    286 57
    258 58
    255 59
    266 60
    360 61
    358 62
    401 63
    364 64
    331 65
    333 66
    360 67
    366 68
    317 69
    313 70
    341 71
    394 72
    359 73
    350 74
    362 75
    355 76
    417 77
    433 78
    432 79
    504 80
    519 81
    567 82
    691 83
    784 84
   1102 85
   1317 86
   1456 87
   1982 88
   2194 89
   2528 90
   2655 91
   2588 92
   2831 93
   2994 94
   2764 95
   2843 96
   2720 97
   2818 98
   2776 99
   2987 100
   2993 101
   2882 102
   2681 103
   2402 104
   2363 105
   2140 106
   2088 107
   2111 108
   2056 109
   2107 110
   1891 111
   1988 112
   1873 113
   1887 114
   1950 115
   1813 116
   1680 117
   1779 118
   1716 119
   1579 120
   1524 121
   1527 122
   1524 123
   1405 124
   1256 125
   1257 126
   1286 127
   1246 128
   1169 129
   1143 130
   1096 131
   1085 132
   1016 133
   1033 134
   1037 135
    944 136
   1047 137
    922 138
    982 139
    850 140
    867 141
    810 142
    797 143
    744 144
    792 145
    653 146
    703 147
    677 148
    613 149
    581 150
    572 151
    528 152
    584 153
    599 154
    571 155
    507 156
    522 157
    505 158
    454 159
    466 160
    405 161
    457 162
    362 163
    391 164
    398 165
    384 166
    349 167
    380 168
    340 169
    341 170
    352 171
    336 172
    317 173
    333 174
    341 175
    328 176
    321 177
    306 178
    315 179
    267 180
    294 181
    279 182
    285 183
    257 184
    244 185
    207 186
    210 187
    200 188
    176 189
    197 190
    170 191
    179 192
    205 193
    176 194
    158 195
    140 196
     71 197
     15 198
