     16 40
     19 41
     25 42
     32 43
     42 44
     53 45
    114 46
    129 47
    168 48
    197 49
    220 50
    240 51
    248 52
    297 53
    252 54
    311 55
    327 56
    386 57
    371 58
    371 59
    432 60
    393 61
    426 62
    431 63
    506 64
    440 65
    455 66
    418 67
    432 68
    458 69
    554 70
    587 71
    610 72
    697 73
    764 74
    816 75
    925 76
   1075 77
   1236 78
   1411 79
   1750 80
   1995 81
   2213 82
   2662 83
   2819 84
   3401 85
   3699 86
   3801 87
   3873 88
   3945 89
   4308 90
   4123 91
   3772 92
   3838 93
   3754 94
   3995 95
   4041 96
   3818 97
   3814 98
   3594 99
   3482 100
   3369 101
   3322 102
   3217 103
   3046 104
   2973 105
   2827 106
   2612 107
   2687 108
   2477 109
   2223 110
   2181 111
   2103 112
   1962 113
   1816 114
   1621 115
   1494 116
   1395 117
   1302 118
   1353 119
   1140 120
   1092 121
    996 122
    879 123
    865 124
    790 125
    768 126
    663 127
    569 128
    538 129
    573 130
    463 131
    431 132
    459 133
    350 134
    295 135
    275 136
    186 137
    159 138
    132 139
    119 140
     96 141
     69 142
     83 143
     78 144
     51 145
     52 146
     40 147
     20 148
     13 149
     15 150
     11 151
     11 152
     11 153
      4 155
      6 156
      8 157
      8 158
     11 159
     10 160
      8 161
      4 162
      1 163
      2 164
      1 165
      3 166
