     25 40
     25 41
     26 42
     43 43
     60 44
     78 45
    136 46
    127 47
    203 48
    273 49
    301 50
    241 51
    228 52
    222 53
    185 54
    179 55
    152 56
    210 57
    163 58
    172 59
     79 60
     66 61
     40 62
     36 63
     25 64
     36 65
     31 66
      9 67
     27 68
     31 69
     17 70
     34 71
     20 72
     18 73
     20 74
     19 75
     29 76
     27 77
     25 78
     24 79
     36 80
     36 81
     39 82
     50 83
     43 84
     62 85
     76 86
    119 87
    221 88
    438 89
    665 90
   1215 91
   1780 92
   2294 93
   2944 94
   3440 95
   3565 96
   3663 97
   3750 98
   3733 99
   3468 100
   3259 101
   2849 102
   2637 103
   2494 104
   2327 105
   2258 106
   2124 107
   2117 108
   1998 109
   1744 110
   1894 111
   1720 112
   1544 113
   1450 114
   1439 115
   1277 116
   1234 117
   1194 118
   1162 119
   1055 120
   1115 121
    942 122
    967 123
    864 124
    852 125
    790 126
    744 127
    727 128
    723 129
    709 130
    651 131
    708 132
    612 133
    560 134
    583 135
    557 136
    496 137
    461 138
    426 139
    422 140
    389 141
    408 142
    350 143
    306 144
    300 145
    299 146
    293 147
    266 148
    224 149
    230 150
    211 151
    161 152
    130 153
    136 154
    141 155
    136 156
    133 157
    146 158
    145 159
    120 160
    136 161
    110 162
    115 163
    111 164
    129 165
    101 166
     95 167
     79 168
     87 169
     71 170
     67 171
     83 172
     67 173
     65 174
     71 175
     49 176
     58 177
     36 178
     44 179
     60 180
     51 181
     53 182
     34 183
     33 184
     27 185
     36 186
     24 187
     38 188
     31 189
     50 190
     30 191
     15 192
     13 193
     18 194
     23 195
     16 196
      8 197
      8 198
      3 199
