      7 40
     20 41
     29 42
     36 43
     42 44
     87 45
     94 46
     77 47
     78 48
    105 49
     55 50
     50 51
     74 52
     55 53
     34 54
     53 55
     51 56
     53 57
     32 58
     30 59
     52 60
     48 61
     46 62
     60 63
     54 64
     51 65
     51 66
     54 67
     51 68
     50 69
     77 70
     79 71
     91 72
     57 73
     84 74
     65 75
     74 76
     88 77
     92 78
    119 79
    125 80
    155 81
    231 82
    387 83
    614 84
    887 85
   1302 86
   1717 87
   2043 88
   2359 89
   2863 90
   3128 91
   3430 92
   3508 93
   3594 94
   3236 95
   3288 96
   3142 97
   2988 98
   2762 99
   2750 100
   2517 101
   2262 102
   2288 103
   2123 104
   2022 105
   1943 106
   1726 107
   1714 108
   1571 109
   1441 110
   1399 111
   1265 112
   1100 113
   1037 114
   1031 115
    985 116
   1086 117
    952 118
    894 119
    850 120
    771 121
    772 122
    722 123
    682 124
    662 125
    518 126
    498 127
    480 128
    521 129
    489 130
    448 131
    420 132
    505 133
    382 134
    423 135
    351 136
    324 137
    363 138
    313 139
    304 140
    325 141
    307 142
    251 143
    194 144
    176 145
    211 146
    127 147
    139 148
    140 149
    123 150
    119 151
     97 152
     90 153
     83 154
     98 155
     93 156
     70 157
     62 158
     54 159
     74 160
     51 161
     49 162
     47 163
     65 164
     56 165
     46 166
     66 167
     28 168
     29 169
     41 170
     34 171
     46 172
     36 173
     62 174
     27 175
     36 176
     22 177
     29 178
     21 179
     22 180
     22 181
     30 182
     22 183
     12 184
     19 185
     11 186
     20 187
     17 188
     25 189
     23 190
     18 191
     15 192
     21 193
     32 194
     22 195
      9 196
      5 197
