      3 40
      3 41
      2 42
      1 43
      1 44
      2 45
      1 46
      7 47
     13 48
      4 49
     14 50
     12 51
     37 52
     32 53
     46 54
     80 55
    113 56
    128 57
    118 58
    163 59
    154 60
    146 61
    137 62
    114 63
    118 64
     89 65
     68 66
     43 67
     32 68
     15 69
     11 70
      5 71
      1 72
      5 73
     10 74
     25 75
     22 76
     14 77
     13 78
     35 79
     45 80
     38 81
     39 82
     93 83
    114 84
    190 85
    203 86
    257 87
    301 88
    428 89
    521 90
    698 91
    995 92
   1040 93
   1201 94
   1438 95
   1614 96
   1703 97
   1805 98
   1868 99
   1786 100
   1926 101
   1959 102
   1973 103
   1835 104
   1944 105
   1996 106
   2061 107
   1920 108
   1955 109
   1896 110
   2054 111
   1980 112
   1962 113
   1879 114
   1835 115
   1828 116
   1748 117
   1742 118
   1701 119
   1604 120
   1570 121
   1531 122
   1401 123
   1357 124
   1345 125
   1329 126
   1260 127
   1172 128
   1151 129
   1096 130
   1156 131
   1089 132
    978 133
    972 134
    833 135
    814 136
    803 137
    774 138
    734 139
    732 140
    691 141
    664 142
    623 143
    539 144
    520 145
    516 146
    467 147
    477 148
    458 149
    383 150
    385 151
    366 152
    281 153
    293 154
    317 155
    229 156
    247 157
    212 158
    261 159
    192 160
    206 161
    198 162
    187 163
    192 164
    172 165
    169 166
    156 167
    146 168
    121 169
    133 170
    120 171
    122 172
    108 173
    102 174
    101 175
     91 176
    118 177
     84 178
     84 179
     78 180
     80 181
     61 182
     55 183
     44 184
     35 185
     35 186
     53 187
     44 188
     25 189
     26 190
     18 191
     20 192
     13 193
     15 194
     19 195
      5 196
      8 197
