      9 40
      4 41
      8 42
     11 43
     15 44
      9 45
     19 46
      5 47
     18 48
     12 49
     19 50
      8 51
     12 52
      5 53
     10 54
     28 55
     24 56
     16 57
     12 58
     14 59
     14 60
     19 61
     28 62
     28 63
     31 64
     43 65
     29 66
     60 67
     35 68
     45 69
     51 70
     34 71
     41 72
     45 73
     43 74
     40 75
     48 76
     20 77
     30 78
     36 79
     28 80
     40 81
     16 82
     11 83
     17 84
     12 85
     12 86
     12 87
     18 88
     16 89
     30 90
     49 91
     55 92
     89 93
    120 94
    165 95
    284 96
    406 97
    494 98
    493 99
    555 100
    679 101
    711 102
    874 103
    867 104
   1052 105
   1207 106
   1363 107
   1585 108
   1883 109
   2168 110
   2258 111
   2744 112
   2745 113
   3084 114
   3078 115
   3129 116
   3182 117
   3196 118
   3429 119
   3575 120
   3577 121
   3374 122
   3333 123
   3278 124
   3080 125
   3026 126
   2680 127
   2575 128
   2664 129
   2441 130
   2351 131
   2136 132
   2144 133
   1921 134
   1699 135
   1594 136
   1452 137
   1375 138
   1296 139
   1241 140
   1182 141
   1162 142
    997 143
    854 144
    851 145
    805 146
    669 147
    614 148
    532 149
    497 150
    456 151
    388 152
    363 153
    303 154
    263 155
    229 156
    237 157
    186 158
    184 159
    148 160
    128 161
    123 162
    126 163
    110 164
     83 165
     69 166
     64 167
     79 168
     52 169
     31 170
     44 171
     46 172
     23 173
     21 174
     18 175
     16 176
     22 177
      7 178
     16 179
     10 180
      9 181
      5 182
      1 183
      8 184
      1 185
      4 186
      3 187
      4 188
      4 189
      2 190
      2 191
      1 192
      1 194
      2 195
      2 197
