      1 40
      5 42
      1 43
     20 44
      4 45
      4 46
      8 47
      1 48
      2 49
      9 50
      7 51
      8 52
      4 53
     35 54
     22 55
     32 56
     15 57
     21 58
     11 59
     16 60
     17 61
     29 62
      8 63
      9 64
     22 65
     19 66
     14 67
     17 68
     19 69
     15 70
     18 71
     32 72
     17 73
     26 74
     23 75
     13 76
     26 77
     28 78
     18 79
     23 80
     17 81
     33 82
     37 83
     43 84
     31 85
     30 86
     45 87
     51 88
     66 89
     75 90
     79 91
     89 92
    134 93
    149 94
    195 95
    252 96
    287 97
    383 98
    483 99
    583 100
    637 101
    705 102
    843 103
    893 104
    969 105
   1125 106
   1160 107
   1309 108
   1407 109
   1621 110
   1783 111
   1848 112
   1961 113
   1885 114
   2019 115
   1912 116
   1989 117
   1955 118
   2063 119
   2048 120
   1937 121
   1832 122
   1790 123
   1589 124
   1465 125
   1427 126
   1291 127
   1260 128
   1247 129
   1147 130
   1108 131
    975 132
    918 133
    895 134
    803 135
    782 136
    725 137
    737 138
    713 139
    630 140
    586 141
    545 142
    548 143
    504 144
    500 145
    446 146
    424 147
    434 148
    383 149
    385 150
    345 151
    355 152
    326 153
    334 154
    313 155
    274 156
    267 157
    257 158
    233 159
    258 160
    286 161
    240 162
    223 163
    230 164
    212 165
    238 166
    219 167
    188 168
    215 169
    227 170
    211 171
    201 172
    182 173
    166 174
    177 175
    174 176
    208 177
    161 178
    155 179
    171 180
    125 181
    113 182
    115 183
    115 184
    113 185
     90 186
    101 187
    109 188
     89 189
     88 190
     67 191
     77 192
     62 193
     74 194
     61 195
     55 196
     35 197
     11 198
