     25 40
     38 41
     47 42
     54 43
     58 44
     82 45
    103 46
     84 47
     83 48
     89 49
    111 50
     77 51
    121 52
     95 53
    142 54
    152 55
    162 56
    168 57
    152 58
    179 59
    192 60
    189 61
    242 62
    261 63
    249 64
    272 65
    270 66
    367 67
    325 68
    290 69
    333 70
    370 71
    383 72
    380 73
    365 74
    353 75
    401 76
    409 77
    395 78
    447 79
    523 80
    609 81
    730 82
    982 83
   1172 84
   1415 85
   1620 86
   2073 87
   2282 88
   2596 89
   2616 90
   2626 91
   2958 92
   2772 93
   2932 94
   2813 95
   2900 96
   2758 97
   2691 98
   2439 99
   2560 100
   2418 101
   2165 102
   2056 103
   1961 104
   1675 105
   1571 106
   1463 107
   1518 108
   1423 109
   1460 110
   1333 111
   1230 112
   1217 113
   1185 114
   1114 115
   1025 116
   1085 117
   1067 118
   1004 119
    957 120
    883 121
    894 122
    860 123
    894 124
    825 125
    757 126
    763 127
    748 128
    726 129
    692 130
    663 131
    642 132
    585 133
    496 134
    501 135
    501 136
    460 137
    405 138
    407 139
    374 140
    347 141
    364 142
    398 143
    336 144
    376 145
    368 146
    305 147
    323 148
    300 149
    275 150
    228 151
    229 152
    187 153
    179 154
    169 155
    156 156
    157 157
    157 158
    137 159
    133 160
    140 161
    117 162
    147 163
    150 164
    146 165
    127 166
    109 167
    131 168
    115 169
    115 170
    106 171
    111 172
     94 173
     85 174
    122 175
    101 176
    107 177
     95 178
    108 179
    107 180
     89 181
     92 182
     83 183
     86 184
     80 185
     82 186
     65 187
     69 188
     68 189
     40 190
     42 191
     56 192
     39 193
     52 194
     50 195
     26 196
      7 197
      5 198
