     34 40
     36 41
     53 42
     43 43
     97 44
    105 45
     61 46
     41 47
     67 48
     42 49
     67 50
     27 51
     32 52
     36 53
     36 54
     41 55
     40 56
     56 57
     58 58
     64 59
     52 60
     62 61
     44 62
     71 63
     43 64
     38 65
     43 66
     24 67
     13 68
     23 69
     25 70
     26 71
     30 72
     29 73
     41 74
     23 75
     19 76
     30 77
     31 78
     33 79
     27 80
     39 81
     29 82
     41 83
     37 84
     44 85
     41 86
     53 87
     60 88
     72 89
    114 90
    139 91
    196 92
    226 93
    332 94
    441 95
    537 96
    679 97
    893 98
   1135 99
   1375 100
   1730 101
   1824 102
   2065 103
   2281 104
   2398 105
   2578 106
   2689 107
   2717 108
   2714 109
   2919 110
   2809 111
   2870 112
   2730 113
   2672 114
   2762 115
   2587 116
   2572 117
   2631 118
   2525 119
   2463 120
   2333 121
   2308 122
   2320 123
   2257 124
   2178 125
   2130 126
   2081 127
   1913 128
   1915 129
   1794 130
   1689 131
   1572 132
   1671 133
   1649 134
   1400 135
   1239 136
   1229 137
   1220 138
   1162 139
   1055 140
    998 141
    977 142
    930 143
    921 144
    757 145
    705 146
    657 147
    602 148
    545 149
    523 150
    552 151
    526 152
    470 153
    489 154
    429 155
    392 156
    425 157
    393 158
    400 159
    359 160
    319 161
    305 162
    293 163
    285 164
    273 165
    277 166
    269 167
    268 168
    255 169
    236 170
    233 171
    196 172
    181 173
    155 174
    160 175
    183 176
    143 177
    123 178
    120 179
    114 180
    107 181
     92 182
     93 183
     80 184
    100 185
     85 186
     75 187
     63 188
     45 189
     31 190
     54 191
     49 192
     29 193
     32 194
     21 195
     26 196
     12 197
     11 198
