     23 40
     41 41
     64 42
     76 43
     71 44
     93 45
    132 46
    161 47
    184 48
    194 49
    206 50
    322 51
    302 52
    360 53
    373 54
    322 55
    262 56
    224 57
    210 58
    119 59
    111 60
     87 61
     57 62
     79 63
     66 64
     36 65
     32 66
     42 67
     59 68
     56 69
     48 70
     53 71
     38 72
     52 73
     49 74
     50 75
     41 76
     57 77
     41 78
     46 79
     36 80
     65 81
     60 82
     73 83
     61 84
     90 85
    100 86
    110 87
    120 88
    124 89
    185 90
    182 91
    273 92
    364 93
    390 94
    599 95
    944 96
   1042 97
   1169 98
   1311 99
   1456 100
   1569 101
   1539 102
   1493 103
   1513 104
   1551 105
   1573 106
   1569 107
   1481 108
   1511 109
   1459 110
   1402 111
   1482 112
   1336 113
   1234 114
   1355 115
   1277 116
   1180 117
   1154 118
   1148 119
   1048 120
   1044 121
    975 122
    891 123
    873 124
    852 125
    888 126
    726 127
    697 128
    703 129
    660 130
    614 131
    654 132
    648 133
    640 134
    605 135
    554 136
    533 137
    494 138
    468 139
    465 140
    496 141
    444 142
    443 143
    391 144
    396 145
    384 146
    337 147
    333 148
    306 149
    257 150
    283 151
    214 152
    254 153
    196 154
    212 155
    172 156
    179 157
    133 158
    156 159
    115 160
    125 161
    117 162
    137 163
     99 164
     74 165
    106 166
     94 167
    108 168
     91 169
     84 170
     97 171
    102 172
     79 173
     81 174
     70 175
     68 176
     61 177
     64 178
     74 179
     92 180
     65 181
     59 182
     49 183
     37 184
     34 185
     40 186
     45 187
     48 188
     44 189
     27 190
     34 191
     42 192
     38 193
     16 194
     33 195
     23 196
     17 197
     11 198
      3 199
