      5 40
     13 41
     25 42
     36 43
     46 44
     65 45
     90 46
     86 47
     45 48
     48 49
     46 50
     32 51
     19 52
     21 53
     16 54
     16 55
      9 56
     12 57
     10 58
      3 59
     15 60
     19 61
     11 62
      7 63
     16 64
     13 65
     11 66
     18 67
     23 68
     30 69
     30 70
     20 71
     29 72
     23 73
     36 74
     67 75
    155 76
    210 77
    428 78
    638 79
    871 80
    986 81
   1169 82
   1389 83
   1581 84
   2005 85
   2033 86
   2115 87
   2108 88
   1996 89
   2009 90
   2097 91
   1916 92
   1839 93
   1934 94
   1743 95
   1738 96
   1650 97
   1538 98
   1557 99
   1589 100
   1517 101
   1479 102
   1375 103
   1254 104
   1101 105
   1052 106
   1070 107
   1075 108
   1012 109
    960 110
    910 111
    841 112
    796 113
    769 114
    784 115
    763 116
    683 117
    659 118
    614 119
    555 120
    490 121
    418 122
    425 123
    463 124
    393 125
    333 126
    404 127
    373 128
    337 129
    336 130
    363 131
    339 132
    270 133
    253 134
    286 135
    235 136
    247 137
    224 138
    230 139
    168 140
    174 141
    143 142
    152 143
    112 144
    139 145
    112 146
     95 147
     79 148
     61 149
     60 150
     52 151
     66 152
     32 153
     35 154
     29 155
     33 156
     14 157
     23 158
     18 159
     13 160
     20 161
      3 162
      9 163
      9 164
      7 165
     10 166
      6 167
      6 168
     13 169
     10 170
      1 171
      1 173
      2 176
