     34 40
     48 41
     55 42
     67 43
     54 44
     63 45
     76 46
     72 47
     63 48
     63 49
     85 50
     91 51
     96 52
    163 53
    149 54
    167 55
    156 56
    140 57
    112 58
    116 59
    100 60
     92 61
     74 62
    106 63
     54 64
     58 65
     60 66
     47 67
     44 68
     40 69
     38 70
     31 71
     48 72
     38 73
     27 74
     34 75
     42 76
     31 77
     32 78
     38 79
     37 80
     30 81
     55 82
     44 83
     41 84
     35 85
     59 86
     39 87
     42 88
     70 89
     69 90
    107 91
    130 92
    170 93
    245 94
    297 95
    437 96
    624 97
    987 98
   1474 99
   1990 100
   2411 101
   2450 102
   2556 103
   2813 104
   2687 105
   2630 106
   2276 107
   2190 108
   1917 109
   1629 110
   1350 111
   1285 112
   1033 113
    897 114
    844 115
    786 116
    757 117
    660 118
    552 119
    536 120
    506 121
    364 122
    383 123
    364 124
    362 125
    345 126
    259 127
    312 128
    352 129
    284 130
    294 131
    290 132
    247 133
    259 134
    212 135
    175 136
    208 137
    163 138
    155 139
    100 140
    137 141
    120 142
    100 143
     86 144
     86 145
     52 146
     56 147
     73 148
     73 149
     56 150
     59 151
     38 152
     27 153
     40 154
     19 155
     27 156
     14 157
     22 158
     11 159
     11 160
     15 161
     12 162
      4 163
     16 164
      4 165
      6 166
      5 167
      3 168
      3 169
      4 170
      2 171
      1 172
      6 173
      5 174
      2 175
      2 176
      7 177
      3 178
      5 179
      5 180
      3 182
      4 183
      1 185
      5 187
      1 189
      1 192
      2 193
      2 194
      2 195
